12101099123456789012345678 1234567812345678 -200 200 500
15102099991256789012345679 2345678912345679 8000 7000 6000
21103099991234567890123456 3456789012345670 23000 21000 12000
65105099991234567890123481 4567890112345671 -50 20 400
32113099991234567890125682 5678901212345672 35500 33500 15000
42114099991234567890345683 6789012312345673 -500 0 500
23116099991234567812345684 7890123412345674 600 500 1000
11124099991234569012345685 8901234512345675 9500 9200 10000
10128099991234789012345686 9012345612345676 -1000 2000 1000
09132099991256789012345687 0123456712345678 1200 1100 400
44154099993456789012345688 1123456712345679 300 250 500
98158099123456789012345689 2234567812345670 4900 4800 100
42161099123456789012345690 3345678912345671 -750 0 4000
55169999123456789012345691 4456789012345672 6700 6500 3000
66809999123456789012345692 5567890112345673 -300 3000 500
54184099123456789012345693 6678901212345674 2500 2400 100
23187099123456789012345694 7789012312345675 -900 2500 200
43193099123456789012345695 8890123412345676 5400 5300 1000
54194099123456789012345696 9901234512345677 350 3030 100
33195099123456789012345697 1012345612345678 7800 12000 2500
